joints:
joint_A1A2 :  0.003812848791453839
joint_A3 :  -0.014084348566078158
joint_A4 :  -0.0028810787526974044
joint_A5 :  -0.0015548925563227337
joint_A6 :  0.0005152177667471967
joint_Head_roll :  4.568124910175108e-06
joint_Head_yaw :  2.2925375652779918e-05
joint_Head :  0.00998879083716546
joint_LAntenna :  -4.282564930920215e-05
joint_LEye :  -8.104008629130067e-05
joint_RAntenna :  4.632028379660315e-05
joint_REye :  -7.967368434191442e-06
joint_Rostrum :  -0.001808734438296714
joint_Haustellum :  -0.0001560974865683591
joint_LFCoxa_roll :  -0.0002523622955142488
joint_LFCoxa_yaw :  0.0026297986774267853
joint_LFCoxa :  -0.013786011209829531
joint_LFFemur :  -1.179384164839487
joint_LFFemur_roll :  -0.0017620716456228183
joint_LFTibia :  0.7576697527152239
joint_LFTarsus1 :  -0.14223376459034956
joint_LFTarsus2 :  -0.6353473695058411
joint_LFTarsus3 :  0.18098696027340835
joint_LFTarsus4 :  -0.24657465184318897
joint_LFTarsus5 :  -0.017455846592723787
joint_LHCoxa :  0.021126209394829457
joint_LHCoxa_yaw :  0.18669065806232432
joint_LHCoxa_roll :  2.40182983936772
joint_LHFemur :  -1.5600327984359073
joint_LHFemur_roll :  -0.1413246811303093
joint_LHTibia :  1.1483670219522084
joint_LHTarsus1 :  -0.10569198371949849
joint_LHTarsus2 :  -0.5866280558400186
joint_LHTarsus3 :  0.052052319263320004
joint_LHTarsus4 :  -0.5085700307223684
joint_LHTarsus5 :  -0.5701432376542389
joint_LHaltere_roll :  0.0027940844513592417
joint_LHaltere_yaw :  0.009514451235397847
joint_LHaltere :  0.006578577749128808
joint_LMCoxa :  0.03598107675464884
joint_LMCoxa_yaw :  0.218775497321695
joint_LMCoxa_roll :  1.7781654369575668
joint_LMFemur :  -1.6747644921106808
joint_LMFemur_roll :  -0.003409340294187225
joint_LMTibia :  1.7638238818766956
joint_LMTarsus1 :  -0.12028518120716244
joint_LMTarsus2 :  -0.8553299341377872
joint_LMTarsus3 :  -0.6857617507047574
joint_LMTarsus4 :  0.40073691797753846
joint_LMTarsus5 :  -0.6407630269441761
joint_LWing_roll :  -1.6024502688536062e-05
joint_LWing_yaw :  0.0001338029697175128
joint_LWing :  0.0022876774590046786
joint_RFCoxa_roll :  0.0011910567303813648
joint_RFCoxa_yaw :  -0.00048262756867217794
joint_RFCoxa :  -0.0013245590523738352
joint_RFFemur :  -1.3108537227850876
joint_RFFemur_roll :  0.0003741273017454201
joint_RFTibia :  0.8962323508935617
joint_RFTarsus1 :  -0.17225643006286973
joint_RFTarsus2 :  -0.05506995905171247
joint_RFTarsus3 :  -0.41186225829281486
joint_RFTarsus4 :  -0.26739326661953744
joint_RFTarsus5 :  -0.005169193977430498
joint_RHCoxa :  0.27960362589505483
joint_RHCoxa_yaw :  -0.13819064547360718
joint_RHCoxa_roll :  -2.441598208611467
joint_RHFemur :  -1.3155305945251143
joint_RHFemur_roll :  -0.26682204917270513
joint_RHTibia :  1.1447480632864273
joint_RHTarsus1 :  -0.3836708584059661
joint_RHTarsus2 :  -0.38633313228312904
joint_RHTarsus3 :  0.03574103335128501
joint_RHTarsus4 :  -0.8201327440166555
joint_RHTarsus5 :  0.7768593309847368
joint_RHaltere_roll :  -0.0026270671769674362
joint_RHaltere_yaw :  -0.002903241041652231
joint_RHaltere :  0.0025754338120420857
joint_RMCoxa :  0.011523355635855924
joint_RMCoxa_yaw :  -0.10552348033533762
joint_RMCoxa_roll :  -1.8260175599723456
joint_RMFemur :  -1.83633975605308
joint_RMFemur_roll :  0.0019978151339155215
joint_RMTibia :  1.727808616914636
joint_RMTarsus1 :  -0.0333795739975935
joint_RMTarsus2 :  -0.8058860784485767
joint_RMTarsus3 :  -0.3694088842637065
joint_RMTarsus4 :  0.10607147938791157
joint_RMTarsus5 :  0.17207789136747972
joint_RWing_roll :  5.583427774438473e-05
joint_RWing_yaw :  -0.00017031403178301423
joint_RWing :  0.002264381962854961